8.679960442151887037e+02
4.899784435086304484e+02
8.724246620012288531e+02
8.738946483640170300e+02
8.719363831047378426e+02
8.740424236298767937e+02
8.826597038645402336e+02
8.842867265867845390e+02
8.888941961976987614e+02
8.883504773339180929e+02
8.894466035779895492e+02
8.839261916138585775e+02
8.935112291841383012e+02
8.938067297548841452e+02
8.872775724181684609e+02
8.824275633027480126e+02
8.883161425606959938e+02
8.811164066181318049e+02
8.747148802738839777e+02
8.928016712276579483e+02
8.982813917174305516e+02
8.977012061915845607e+02
8.930739229532027821e+02
8.969297513349694100e+02
9.051712200116164695e+02
8.984040465307292607e+02
9.016711868838810915e+02
8.998267392667660260e+02
9.099706047266486166e+02
8.986732581981826797e+02
8.948596258583930876e+02
8.677482469905258995e+02
8.801971722677135404e+02
8.649553447976874168e+02
8.104430176205972884e+02
8.224023035895456815e+02
8.541482580236593094e+02
8.614744625104713123e+02
8.686903039694173003e+02
8.694356763540516795e+02
8.553666137351398220e+02
8.562170388374679533e+02
8.527713191020219483e+02
8.627182455299032426e+02
1.918811104334028350e-02
1.919238627552816157e-02
1.919851302441698271e-02
1.920927978566198263e-02
1.921021617008929205e-02
1.920646080430984601e-02
1.919545603465616992e-02
1.919749545700049839e-02
1.919341093708369639e-02
1.920054384044439857e-02
1.916584505763408580e-02
1.918268414242548306e-02
1.919851302441698271e-02
1.920256885605094860e-02
9.271407190540516012e+02
9.232492532143586459e+02
9.226017679138963103e+02
9.169251170916886622e+02
9.202051667366783931e+02
9.073770694528565173e+02
